@1100
26 20 20 20 20 20 26 10 20 10 20 80 26 20 30 20
30 20 39 10 30 10 30 80 26 00 20 20 20 20 1C 20
20 80 2B 20 26 20 20 20 2B 10 26 10 2B 80 26 20
30 20 30 20 39 10 26 10 26 60 40 10 39 10 26 20
30 20 30 20 39 10 06 10 26 80 26 20 2B 10 2B 10
2B 20 30 10 39 10 26 10 2B 10 2B 20 2B 40 40 20
20 10 20 10 2B 10 26 30 30 80 18 20 18 20 26 20
20 20 20 40 26 20 2B 20 30 20 30 20 1C 20 20 20
20 80 1C 20 1C 20 1C 20 30 20 30 60 39 10 30 10
20 20 2B 10 26 10 2B 10 26 10 26 10 2B 10 2B 80
18 20 18 20 26 20 20 20 20 60 26 10 2B 20 30 20
30 20 1C 20 20 20 20 80 26 20 30 10 30 10 30 20
39 20 26 10 2B 10 2B 20 2B 40 40 10 40 10 20 10
20 10 2B 10 26 30 30 80 00 
@11DA
31 40 00 0A 3C 40 00 02 3D 40 01 00 B0 12 92 12
B0 12 40 12 B0 12 AA 12 0A 12 0B 12 4D 43 C2 43
00 02 07 3C B2 C0 10 00 60 01 7C 40 64 00 B0 12
7C 12 5A 4D 00 11 5D 53 7A 93 F4 27 4A 93 03 20
3B 41 3A 41 30 41 5B 4D 00 11 5D 53 B2 D0 10 00
60 01 F2 E0 80 00 35 00 4C 4A B0 12 7C 12 5B 92
00 02 F7 23 DC 3F B2 40 80 5A 20 01 F2 C0 80 00
57 00 E2 C3 02 00 E2 B3 02 00 FB 2F F2 D0 88 00
58 00 B2 40 10 00 62 01 B2 40 10 27 72 01 B2 D0
C0 02 60 01 F2 D0 80 00 36 00 32 D2 B0 12 F2 11
FD 3F 4E 43 06 3C 7F 40 03 00 03 43 7F 53 FD 23
5E 53 4E 9C F8 2B 30 41 0F 4C 0F 5D 03 3C CC 43
00 00 1C 53 0C 9F FB 23 30 41 D2 53 00 02 00 13
30 40 AE 12 30 40 B2 12 FF 3F 
@FFEC
A4 12 
@FFFE
DA 11 
q
