@1100
00 40 A0 A0 C0 00 00 01 02 02 03 02 04 FC 20 20
C0 00 00 03 02 02 01 00 00 C0 20 20 60 00 00 01
02 02 02 00 00 C0 20 24 FC 00 00 01 02 02 03 02
00 C0 A0 A0 C0 00 00 01 02 02 02 00 00 20 F8 24
24 04 00 02 03 02 02 00 00 40 A0 A0 60 20 00 07
0A 0A 0A 04 04 FC 20 20 C0 00 02 03 02 00 03 02
00 20 E4 00 00 00 00 02 03 02 00 00 00 00 20 E4
00 00 08 08 08 07 00 00 04 FC 80 E0 20 20 02 03
02 00 03 02 04 04 FC 00 00 00 02 02 03 02 02 00
E0 20 E0 20 C0 00 03 00 03 00 03 00 20 E0 20 20
C0 00 02 03 02 00 03 02 00 C0 20 20 C0 00 00 01
02 02 01 00 20 E0 20 20 C0 00 08 0F 0A 02 01 00
00 C0 20 20 E0 00 00 01 02 0A 0F 08 20 E0 40 20
20 00 02 03 02 00 00 00 00 60 A0 A0 20 00 00 02
02 02 03 00 00 20 F8 20 00 00 00 00 01 02 02 00
20 E0 00 20 E0 00 00 01 02 02 03 02 20 E0 20 80
60 20 00 00 03 01 00 00 60 80 E0 80 60 00 00 03
00 03 00 00 20 60 80 60 20 00 02 03 00 03 02 00
20 E0 20 80 60 20 08 08 07 01 00 00 00 20 A0 60
20 00 00 02 03 02 02 00 00 00 00 00 00 00 00 02
00 00 00 00 00 00 00 00 00 00 00 00 00 00 00 00
00 00 00 00 00 00 00 00 00 00 00 00 00 00 00 00
00 00 00 00 00 00 00 00 00 00 00 00 00 00 00 00
00 00 00 00 00 00 00 00 00 00 00 00 00 00 00 00
00 00 00 00 00 00 00 00 00 00 00 00 00 00 00 00
00 00 00 00 00 00 00 00 00 00 00 00 00 00 00 00
00 00 00 00 00 00 00 00 00 00 00 00 00 00 00 00
00 00 00 00 00 00 00 00 00 00 00 00 00 00 00 00
00 00 00 00 00 00 00 00 00 00 00 00 00 00 00 00
00 00 00 00 00 00 00 00 00 00 00 00 00 00 00 00
00 00 00 00 00 00 00 00 00 00 00 00 00 00 00 00
00 00 00 00 00 00 00 00 09 D2 38 02 02 02 FE 02
02 02 00 00 01 07 04 04 04 04 07 04 04 04 04 00
02 92 52 17 92 7A 12 17 F2 42 82 00 00 04 04 02
01 04 04 06 01 00 01 00 8A 6A FE 29 49 80 92 A4
80 FF 40 00 01 00 07 00 00 00 00 00 00 07 00 00
44 44 FF 24 00 64 A4 3F A4 64 04 00 04 04 07 00
04 04 02 01 02 04 04 00 08 08 08 08 C8 3F C8 08
08 0C 08 00 04 04 02 01 00 00 00 01 02 04 04 00
9C 84 95 96 95 D6 B4 94 87 94 8C 00 00 00 00 04
04 07 00 00 00 00 00 00 79 49 49 CF 20 FF 30 E8
24 23 20 00 04 04 06 01 00 07 04 02 01 02 04 00
44 46 2A 9A 4A BB CA 4A AA 12 06 00 04 05 03 02
05 04 07 00 00 01 02 00 89 72 80 52 F2 5F 52 52
FF 52 92 00 07 00 00 00 07 05 05 05 05 04 06 00
44 24 FF 14 20 54 8D 06 EC 14 24 00 00 00 07 04
04 04 02 01 02 04 04 00 FF 01 01 09 91 61 51 8D
01 01 00 00 07 04 05 05 04 04 04 04 05 04 04 00
00 00 00 00 00 00 00 00 00 00 00 00 00 00 00 00
00 00 00 00 00 00 00 00 00 00 00 00 00 00 00 00
00 00 00 00 00 00 00 00 00 00 00 00 00 00 00 00
00 00 00 00 00 00 00 00 00 00 00 00 00 00 00 00
00 00 00 00 00 00 00 00 00 00 00 00 00 00 00 00
00 00 00 00 00 00 00 00 00 00 00 00 00 00 00 00
00 00 00 00 00 00 00 00 00 00 00 00 00 00 00 00
00 00 00 00 00 00 00 00 00 00 00 00 00 00 00 00
00 00 00 00 00 00 00 00 00 00 00 00 00 00 00 00
00 00 00 00 00 00 00 00 00 00 00 00 00 00 00 00
00 00 00 00 00 00 00 00 31 40 00 0A 3C 40 00 02
3D 40 00 11 3E 40 A8 03 B0 12 06 18 B0 12 C4 14
B0 12 02 18 0A 12 0B 12 08 12 09 12 B2 40 80 5A
20 01 F2 43 1E 00 F2 C0 40 00 1D 00 00 3C 3F 40
1F 00 3F 53 FE 2F F2 D0 40 00 1D 00 B0 12 E6 16
B0 12 60 17 3A 40 52 16 7E 40 09 00 6D 42 6C 43
8A 12 7E 40 14 00 6D 42 7C 40 03 00 8A 12 7E 40
12 00 6D 42 6C 42 8A 12 7E 40 13 00 6D 42 7C 40
05 00 8A 12 7B 40 06 00 7E 40 1A 00 6D 42 4C 4B
8A 12 6E 42 6D 42 7C 40 07 00 8A 12 7E 40 03 00
6D 42 7C 42 8A 12 7E 40 14 00 6D 42 7C 40 09 00
8A 12 78 40 0A 00 7E 40 1A 00 6D 42 4C 48 8A 12
6E 43 6D 42 7C 40 0B 00 8A 12 7E 40 0D 00 6D 42
7C 40 0C 00 8A 12 39 40 26 17 7E 40 07 00 4D 43
4C 43 89 12 7E 42 4D 43 6C 43 89 12 7E 40 09 00
4D 43 6C 42 89 12 4E 48 4D 43 4C 4B 89 12 7E 40
0B 00 4D 43 7C 42 89 12 7E 40 0C 00 B0 12 B8 17
1A 43 4E 4A 6D 43 4C 43 89 12 4E 4A 5E 53 6D 43
6C 43 89 12 4E 4A 6E 53 6D 43 6C 42 89 12 4E 4A
7E 50 03 00 6D 43 4C 4B 89 12 4E 4A 6E 52 6D 43
7C 42 89 12 4E 4A 7E 50 05 00 6D 43 4C 48 89 12
4E 4A 4E 5B 6D 43 7C 40 0C 00 B0 12 BC 17 1A 53
3A 90 13 00 D6 3B 4E 43 4D 43 4C 43 89 12 7E 40
0D 00 4D 43 6C 43 89 12 7E 40 0E 00 4D 43 6C 42
89 12 7E 40 0F 00 4D 43 4C 4B 89 12 7E 40 10 00
4D 43 7C 42 89 12 7E 40 11 00 B0 12 B8 17 9D 3F
5D 43 0F 4A 0F 59 5C 4F 50 03 B0 12 9E 16 59 53
30 41 0A 12 0B 12 08 12 09 12 B0 12 A0 17 0A 5A
0A 5A 0F 4A 0A 5A 0A 5F B0 12 92 16 79 90 06 00
FB 2B B0 12 88 16 79 40 06 00 B0 12 92 16 79 90
0C 00 FB 2B 30 40 D6 17 5B 53 4D 4B 4C 48 30 40
86 17 5D 43 0F 4A 0F 59 5C 4F 00 02 D6 3F F2 C0
20 00 1D 00 5D 93 04 20 F2 D0 10 00 1D 00 03 3C
F2 C0 10 00 1D 00 7E 42 4C 93 03 34 F2 D2 1D 00
02 3C F2 C2 1D 00 4C 5C E2 C2 1D 00 E2 D2 1D 00
7E 53 F2 23 F2 D0 10 00 1D 00 F2 D0 20 00 1D 00
F2 D2 1D 00 30 41 0A 12 F2 C0 40 00 1D 00 00 3C
3F 40 4B 01 3F 53 FE 2F F2 D0 40 00 1D 00 3A 40
9E 16 4D 43 7C 40 21 00 8A 12 4D 43 7C 40 D0 00
8A 12 4D 43 7C 40 20 00 8A 12 4D 43 7C 40 0C 00
8A 12 3A 41 30 41 0A 12 0B 12 08 12 09 12 B0 12
A0 17 4C 4A B0 12 FA 17 0F 4C 0C 5C 0C 5F 0A 4C
B0 12 40 16 79 90 0C 00 FB 2B B0 12 88 16 79 40
0C 00 B0 12 40 16 79 90 18 00 FB 2B 30 40 D6 17
0A 12 4D 43 4C 43 B0 12 86 17 7F 40 06 00 7A 40
54 00 5D 43 4C 43 B0 12 9E 16 7A 53 FA 23 7F 53
F6 23 3A 41 30 41 4F 4C 4C 4D 4D 43 7C D0 40 00
B0 12 9E 16 4D 43 7F D0 80 00 4C 4F 30 40 9E 16
48 4C 4B 4D 4A 4E 48 58 4E 48 48 58 48 5E 4C 48
B0 12 86 17 49 43 30 41 4D 43 4C 48 89 12 3F 40
8E D0 3E 40 03 00 3F 53 3E 63 FD 2F 30 41 35 41
34 41 37 41 36 41 39 41 38 41 3B 41 3A 41 30 41
0F 4C 04 3C FF 4D 00 00 1F 53 3E 53 0E 93 FA 23
30 41 0C 5C 0C 5C 0C 5C 0C 5C 0C 5C 0C 5C 0C 5C
30 41 30 40 0A 18 30 40 E0 17 30 40 0E 18 FF 3F
@FFFE
A8 14 
q
