@1100
20 4D 43 55 20 73 65 6E 64 73 20 30 7E 31 32 37
20 74 6F 20 50 43 20 61 6E 64 20 74 68 65 20 20
20 20 20 20 20 20 20 20 20 20 20 20 20 20 20 20
20 20 0A 20 73 63 72 65 65 6E 20 77 69 6C 6C 20
64 69 73 70 6C 61 79 20 74 68 65 69 72 20 63 6F
72 72 65 73 70 6F 6E 64 69 6E 67 20 20 20 20 20
20 20 20 20 20 20 20 20 20 20 20 20 20 20 20 0A
20 41 53 43 49 49 20 63 6F 64 65 20 61 73 20 66
6F 6C 6C 6F 77 73 3A 00 31 40 00 0A B0 12 AA 11
B0 12 34 12 05 3C C2 93 02 00 FD 37 F2 4C 77 00
CC 93 00 00 F8 23 30 40 0A 12 0A 12 4A 43 B2 40
80 5A 20 01 F2 D0 30 00 1B 00 F2 D0 C0 00 04 00
F2 D0 10 00 70 00 F2 D0 10 00 71 00 F2 40 0D 00
74 00 C2 43 75 00 F2 40 6B 00 73 00 D2 C3 70 00
F2 D0 40 00 00 00 32 D2 3C 40 00 11 B0 12 94 11
C2 93 02 00 FD 37 C2 4A 77 00 5A 53 7A F0 7F 00
B0 12 0A 12 B0 12 18 12 F3 3F C2 93 02 00 FD 37
F2 40 0A 00 77 00 30 41 7D 40 14 00 06 3C 3E 40
D0 07 0F 4E 3E 53 0F 93 FC 23 4E 4D 7D 53 4E 93
F6 23 30 41 30 40 38 12 30 40 3C 12 FF 3F 
@FFFE
88 11 
q
